lr_all: 0.002097171617144289
n_epochs: 11
n_factors: 77
reg_all: 0.00012615811567020184
