lr_all: 0.003445550826761795
n_epochs: 22
n_factors: 100
reg_all: 0.06776233535081533
