lr_all: 0.00471035235039638
n_epochs: 9
n_factors: 45
reg_all: 0.01689860922901398
